<?xml version="1.0"?>
<opencv_storage>
<calibration_Time>"Tue Aug  6 18:02:31 2013"</calibration_Time>
<nrOfFrames>13</nrOfFrames>
<image_Width>752</image_Width>
<image_Height>480</image_Height>
<board_Width>5</board_Width>
<board_Height>8</board_Height>
<square_Size>1.</square_Size>
<FixAspectRatio>1.</FixAspectRatio>
<!-- flags:  +fix_aspectRatio +fix_principal_point +zero_tangent_dist -->
<flagValue>14</flagValue>
<Camera_Matrix type_id="opencv-matrix">
  <rows>3</rows>
  <cols>3</cols>
  <dt>d</dt>
  <data>
    5.7661515089373336e+02 0. 3.7550000000000000e+02 0.
    5.7661515089373336e+02 2.3950000000000000e+02 0. 0. 1.</data></Camera_Matrix>
<Distortion_Coefficients type_id="opencv-matrix">
  <rows>5</rows>
  <cols>1</cols>
  <dt>d</dt>
  <data>
    -3.4642734082442700e-01 2.0169931123290941e-01 0. 0.
    -9.3070794789970671e-02</data></Distortion_Coefficients>
<Avg_Reprojection_Error>1.4479135367326847e+00</Avg_Reprojection_Error>
<Per_View_Reprojection_Errors type_id="opencv-matrix">
  <rows>13</rows>
  <cols>1</cols>
  <dt>f</dt>
  <data>
    1.46992385e-01 2.68547177e-01 1.64239541e-01 2.15056881e-01
    1.55044526e-01 2.06892669e-01 2.19961524e-01 1.93690196e-01
    2.17550963e-01 4.69080639e+00 2.19139767e+00 1.84568062e-01
    2.16623545e-01</data></Per_View_Reprojection_Errors>
<!-- a set of 6-tuples (rotation vector + translation vector) for each view -->
<Extrinsic_Parameters type_id="opencv-matrix">
  <rows>13</rows>
  <cols>6</cols>
  <dt>d</dt>
  <data>
    -3.3378244203342622e-02 -5.9179828703066706e-01
    1.5897394735015513e+00 -5.3420683798203799e+00
    -6.7711164204060088e+00 2.1672267365572068e+01
    3.1661880290471872e-01 -1.1263532209326803e-01
    1.5343979217120769e+00 5.5198990844806453e+00
    -6.4450197844123149e+00 2.1290222481810019e+01
    2.2368804256721594e-02 8.4772638610533427e-02 1.7215892711803318e+00
    3.7451471919218022e+00 -5.1930226646569482e+00
    2.7022023250950273e+01 5.6328177935310302e-02 2.0966526272356070e-01
    6.1295988377056365e-01 6.4074130123417969e+00
    -6.5502357247338834e+00 2.9290127404328999e+01
    2.5950164486566196e-01 1.7624275640852713e-01 3.6907693206097392e-01
    -3.5435428685028109e-01 -1.0636147453108782e+01
    2.8384728723506075e+01 -4.6129479992567213e-01
    -3.4128102275612565e-01 2.0336903893672953e-01
    -4.3984903477429507e+00 7.4977922030554245e-01
    2.5347883924635514e+01 -4.9439896815517576e-01
    -3.0537388005444421e-01 2.9252639463515584e-01
    -3.5763539764570420e+00 -4.5611349546789501e+00
    2.5055182275416460e+01 1.6898476058809334e-01
    -4.4176391710433199e-01 1.5648728119746962e+00
    8.6928716564569841e-01 -5.2217762391715237e+00
    2.5071314837369595e+01 8.4998412768640466e-03
    -4.9675905510489443e-01 1.5068424275436878e+00
    7.5300177019865604e+00 -4.0024392186566091e+00
    2.6537917380347523e+01 -7.0692807249537060e-01
    -4.4892951742678228e-01 1.2129712983904368e+00
    7.0001376367231103e+00 -8.4470508722337012e+00
    2.9468683535522828e+01 5.5888748297021340e-01 5.4215137640044408e-01
    1.7987866682741145e+00 5.0271651959000385e+00
    -5.4892016596015241e+00 2.6173943527443143e+01
    1.6308022670194039e-01 1.1053536777739432e-01 1.8968450166899993e+00
    5.0951234243215495e+00 -4.0507884285400175e+00
    2.5592304922777135e+01 5.6124189399595514e-02
    -1.2860278509865825e-01 1.7253429147875718e+00
    7.7531353436233355e+00 -3.8064208971329192e+00
    2.6346761643413174e+01</data></Extrinsic_Parameters>
<Image_points type_id="opencv-matrix">
  <rows>13</rows>
  <cols>40</cols>
  <dt>"2f"</dt>
  <data>
    2.40361206e+02 6.85147324e+01 2.38241531e+02 9.31333084e+01
    2.36273438e+02 1.17482224e+02 2.34424179e+02 1.41617966e+02
    2.32945755e+02 1.65764343e+02 2.15690948e+02 6.71392746e+01
    2.13607590e+02 9.20871964e+01 2.11823242e+02 1.16789932e+02
    2.10345200e+02 1.41181351e+02 2.08995972e+02 1.65304352e+02
    1.90797684e+02 6.60625076e+01 1.88841339e+02 9.10718765e+01
    1.87185013e+02 1.16018173e+02 1.85777878e+02 1.40800217e+02
    1.84668106e+02 1.65100159e+02 1.65696701e+02 6.50797577e+01
    1.63865723e+02 9.04399872e+01 1.62474045e+02 1.15338570e+02
    1.61316681e+02 1.40401489e+02 1.60483795e+02 1.64751526e+02
    1.40593353e+02 6.44854355e+01 1.38970657e+02 8.98377762e+01
    1.37560806e+02 1.15174965e+02 1.36770813e+02 1.40110443e+02
    1.35814178e+02 1.64740036e+02 1.15376060e+02 6.39142723e+01
    1.13776161e+02 8.95152512e+01 1.12774323e+02 1.14990509e+02
    1.12068207e+02 1.40222580e+02 1.11784019e+02 1.64638046e+02
    9.04087906e+01 6.37145653e+01 8.90442657e+01 8.94211044e+01
    8.84106903e+01 1.15253357e+02 8.79003754e+01 1.40179672e+02
    8.77523499e+01 1.64770752e+02 6.59561310e+01 6.36980400e+01
    6.47429886e+01 8.94877014e+01 6.42760010e+01 1.14951515e+02
    6.39962044e+01 1.40132706e+02 6.41850052e+01 1.64866882e+02
    5.16936157e+02 7.36362991e+01 5.17541504e+02 9.92056885e+01
    5.17958801e+02 1.24324997e+02 5.17966187e+02 1.49645706e+02
    5.17926941e+02 1.74554932e+02 4.91984070e+02 7.36150436e+01
    4.92695618e+02 9.91233749e+01 4.93324768e+02 1.24431450e+02
    4.93526245e+02 1.49606216e+02 4.93530609e+02 1.74588531e+02
    4.66328613e+02 7.36375198e+01 4.67323090e+02 9.92671585e+01
    4.68004303e+02 1.24388298e+02 4.68554138e+02 1.49596725e+02
    4.68713654e+02 1.74773773e+02 4.40828888e+02 7.41157150e+01
    4.41818481e+02 9.94139328e+01 4.42588165e+02 1.24782883e+02
    4.43089539e+02 1.49814880e+02 4.43564301e+02 1.74915298e+02
    4.15260345e+02 7.46097183e+01 4.16371155e+02 1.00045975e+02
    4.17296021e+02 1.25218765e+02 4.18048920e+02 1.50278839e+02
    4.18450226e+02 1.75279236e+02 3.89741486e+02 7.53858719e+01
    3.90858246e+02 1.00654999e+02 3.91832336e+02 1.25820244e+02
    3.92700500e+02 1.50821152e+02 3.93683533e+02 1.75533127e+02
    3.64282227e+02 7.63961258e+01 3.65460022e+02 1.01493706e+02
    3.66799866e+02 1.26828575e+02 3.67981781e+02 1.51466888e+02
    3.69176361e+02 1.75845184e+02 3.39592346e+02 7.77151642e+01
    3.40568695e+02 1.02578194e+02 3.42247833e+02 1.27364532e+02
    3.43711487e+02 1.51830109e+02 3.44755951e+02 1.76451508e+02
    4.53719116e+02 1.30694000e+02 4.51233398e+02 1.50890503e+02
    4.48459869e+02 1.71427017e+02 4.45603363e+02 1.92138107e+02
    4.42439423e+02 2.13103134e+02 4.33256836e+02 1.27604462e+02
    4.30368347e+02 1.47946136e+02 4.27541443e+02 1.68216217e+02
    4.24591492e+02 1.89064514e+02 4.21412781e+02 2.09821564e+02
    4.12418793e+02 1.24673805e+02 4.09515350e+02 1.44778030e+02
    4.06671661e+02 1.65224594e+02 4.03462524e+02 1.85774658e+02
    4.00420105e+02 2.06752518e+02 3.91801422e+02 1.21944206e+02
    3.88781494e+02 1.41973969e+02 3.85660248e+02 1.62245926e+02
    3.82436554e+02 1.82693283e+02 3.79277344e+02 2.03658051e+02
    3.71203705e+02 1.19134079e+02 3.68151093e+02 1.39022461e+02
    3.64827515e+02 1.59294876e+02 3.61668121e+02 1.79843857e+02
    3.58097290e+02 2.00481262e+02 3.50803345e+02 1.16350815e+02
    3.47477448e+02 1.36209946e+02 3.44197632e+02 1.56283188e+02
    3.40713409e+02 1.76670654e+02 3.37527679e+02 1.97458481e+02
    3.30514282e+02 1.13910431e+02 3.27034943e+02 1.33481491e+02
    3.23817474e+02 1.53662994e+02 3.20511932e+02 1.73926346e+02
    3.17229980e+02 1.94423584e+02 3.10803619e+02 1.11605270e+02
    3.07174469e+02 1.31165741e+02 3.03903625e+02 1.51069336e+02
    3.00671173e+02 1.71344696e+02 2.96959381e+02 1.91538544e+02
    4.97437744e+02 1.14821602e+02 5.13263855e+02 1.25043076e+02
    5.28951904e+02 1.35847519e+02 5.44714905e+02 1.46417145e+02
    5.60449402e+02 1.57445297e+02 4.87216003e+02 1.29744263e+02
    5.02942505e+02 1.40598709e+02 5.18677917e+02 1.51060089e+02
    5.34442627e+02 1.62112686e+02 5.50140259e+02 1.72939575e+02
    4.76628418e+02 1.45435242e+02 4.92460419e+02 1.56032791e+02
    5.08167908e+02 1.66867645e+02 5.23919861e+02 1.77650833e+02
    5.39645142e+02 1.88951050e+02 4.66202576e+02 1.60862045e+02
